90
90
90
90
90
90
68
64
54
52
47
46
45
43
38
37
36
36
35
35
34
32
30
30
30
29
29
28
28
27
27
27
27
27
26
26
25
25
25
25
24
24
24
24
23
23
23
23
23
22
21
21
21
21
20
20
19
19
18
18
18
18
17
17
17
16
16
16
15
14
14
14
14
14
14
13
13
12
11
11
11
11
11
11
10
9
9
9
9
9
9
9
8
8
8
8
7
7
7
6
6
6
6
5
5
5
5
5
5
4
4
4
4
4
4
4
4
4
4
3
2
2
2
2
2
2
2
1
1
1
1
1
1
1
1
1
1
1
1
1
1
1
1
1
1
1
1
1
1
1
1
1
1
1
1
1
1
1
1
1
0
0
0
0
0
0
0
0
0
0
0
0
0
0
0
0
0
0
0
0
0
0
0
0
0
0
0
0
0
0
0
0
0
0
0
0
0
0
0
0
0
0
0
0
0
0
44
